0.464792 1 2.2557 1 
0.509604 0 0.289588 1 
0.633521 0 10.1637 1 
0.794727 1 0.117048 1 
0.301635 0 14.3825 1 
0.229846 1 7.58058 1 
-0.0817636 0 0.514181 1 
0.446687 1 24.0724 1 
0.608805 1 5.06571 1 
0.403227 1 8.42836 1 
0.417695 0 3.58242 1 
0.364046 1 9.4633 1 
0.382911 0 1.58371 1 
0.214754 0 0.955502 1 
0.21948 0 0.406904 1 
0.909391 0 27.7483 1 
0.648841 1 4.57126 1 
0.0855426 1 97.9839 1 
0.771645 1 0.46761 1 
0.461073 1 5.57829 1 
0.527669 0 17.4622 1 
0.454433 1 9.53378 1 
0.538281 0 3.15629 1 
0.785962 0 32.8896 1 
0.285831 0 2.23727 1 
0.723958 0 11.3359 1 
0.357198 0 4.26002 1 
0.332514 0 4.59286 1 
0.141692 0 0.916666 1 
0.232843 0 4.1216 1 
0.389327 1 2.41007 1 
0.370258 0 4.72078 1 
0.70135 0 16.2848 1 
0.520263 1 6.46865 1 
0.545522 1 5.36094 1 
1.21318 0 79.59 1 
-0.115906 0 0.0535905 1 
0.838914 0 90.1598 1 
1.08859 1 0.683273 1 
0.589583 0 0.171273 1 
0.455446 0 0.147682 1 
0.953337 1 1.50874 1 
0.571302 1 0.0377633 1 
0.0756576 1 43.3414 1 
0.260919 0 1.11904 1 
0.356804 1 9.17383 1 
0.573353 0 9.18132 1 
0.496884 0 10.5008 1 
0.446609 1 9.35427 1 
0.357082 1 32.1844 1 
1.0721 0 18.7817 1 
0.423772 0 6.76667 1 
0.282127 0 4.81285 1 
0.465572 1 2.28021 1 
0.123168 0 0.31343 1 
0.616601 0 12.3052 1 
0.470852 1 6.52209 1 
0.291849 1 51.5612 1 
0.421851 0 2.28848 1 
0.730624 1 8.53563 1 
0.0445809 0 0.688465 1 
0.541692 0 18.6694 1 
0.278522 0 5.13364 1 
0.19952 1 3.83617 1 
0.0282165 0 0.838882 1 
0.823778 1 0.0905467 1 
0.0616198 1 4.33688 1 
0.292344 0 0.905925 1 
0.52392 0 3.48699 1 
0.62335 1 9.72276 1 
0.670889 1 6.70717 1 
0.295337 1 0.410139 1 
0.84619 0 6.83474 1 
0.390774 1 10.8557 1 
0.46508 1 23.677 1 
0.602558 1 3.8327 1 
0.80351 1 2.55484 1 
0.72719 1 1.84085 1 
0.506889 1 0.274809 1 
1.12034 0 143.49 1 
0.462931 0 8.44826 1 
0.571449 0 2.83621 1 
0.591496 0 12.0788 1 
0.607725 1 0.584076 1 
0.852316 0 13.1991 1 
0.905739 1 0.267229 1 
0.152064 1 34.0173 1 
-0.0149341 1 56.0399 1 
0.534502 1 14.6481 1 
0.396098 1 25.4492 1 
1.00788 1 1.70609 1 
0.490532 0 3.61193 1 
0.48761 0 2.04716 1 
0.190174 0 3.58079 1 
0.477273 0 19.507 1 
0.451931 0 21.5236 1 
0.595552 1 4.74202 1 
0.188806 1 149.802 1 
0.370392 0 3.065 1 
0.340746 1 6.13083 1 
0.142133 1 30.9868 1 
0.00159222 0 1.89604 1 
0.153178 1 35.2469 1 
0.213067 1 32.0486 1 
0.310291 1 14.2296 1 
0.228422 1 21.1134 1 
0.797237 0 2.90611 1 
0.530466 1 8.90633 1 
0.854089 1 1.44957 1 
0.00826433 0 0.135419 1 
0.625861 0 34.9879 1 
0.0777933 0 0.314062 1 
0.935243 1 2.79718 1 
0.354856 0 0.144484 1 
0.36222 1 4.5283 1 
0.559955 1 7.29678 1 
0.102282 0 0.504996 1 
0.662092 1 1.00835 1 
0.524186 1 0.992068 1 
0.199949 1 29.4129 1 
0.779948 0 2.737 1 
0.674474 1 0.668941 1 
0.716164 1 1.38301 1 
0.305727 1 3.23309 1 
0.304686 0 5.33637 1 
0.458477 0 10.5373 1 
0.690148 1 3.5204 1 
0.667796 0 0.287261 1 
0.160197 1 12.5733 1 
0.830569 1 0.289081 1 
0.766079 0 43.1276 1 
-0.0601583 1 191.383 1 
0.655905 1 1.59318 1 
0.423075 1 2.88939 1 
0.387341 1 11.4111 1 
0.643954 1 1.14396 1 
0.506812 1 15.1172 1 
0.930449 1 0.0366465 1 
0.207163 0 0.359379 1 
0.41402 0 1.98897 1 
1.03343 1 0.579477 1 
0.939999 0 107.502 1 
0.267284 0 0.0981915 1 
0.315548 0 4.81471 1 
-0.0804706 0 0.112684 1 
0.174792 1 23.0549 1 
1.20709 1 0.728723 1 
1.25345 0 188.665 1 
0.844099 1 1.01639 1 
0.932872 0 1.84172 1 
0.418225 1 14.4402 1 
0.45364 0 2.58294 1 
0.295788 1 2.10809 1 
0.841615 0 34.3602 1 
0.3567 0 4.04363 1 
0.491117 1 4.62506 1 
0.720266 1 3.73956 1 
0.651252 1 3.1317 1 
0.465587 1 9.60504 1 
0.543154 1 1.87346 1 
0.535181 0 6.09272 1 
0.961094 1 0.232659 1 
0.414299 1 20.4813 1 
0.242251 1 34.1791 1 
0.706725 1 0.575337 1 
0.410165 0 1.00826 1 
0.156579 0 0.768775 1 
0.0160816 1 60.1096 1 
0.256018 1 16.9047 1 
0.760649 1 3.9386 1 
0.897247 0 57.2887 1 
0.447731 1 36.2312 1 
0.668868 1 0.131566 1 
0.615463 1 3.9596 1 
0.686927 0 88.1628 1 
0.74015 0 3.92334 1 
0.443803 1 23.128 1 
0.248218 0 1.17063 1 
0.792796 0 20.1674 1 
0.348619 1 17.6827 1 
0.225157 1 74.1533 1 
0.479798 0 11.6008 1 
0.0786593 1 35.5718 1 
0.0249244 1 9.51346 1 
0.654056 0 1.116 1 
0.065682 1 19.9391 1 
0.596556 1 4.60717 1 
0.254672 0 0.55794 1 
0.355226 1 22.2554 1 
0.754763 1 1.22672 1 
0.538918 0 4.74113 1 
0.349463 1 61.0086 1 
0.570391 1 1.36044 1 
0.591958 0 1.09207 1 
0.818757 0 26.0604 1 
0.656472 1 4.16086 1 
0.292629 0 5.75506 1 
-0.246793 1 100.885 1 
1.04875 0 76.8092 1 
0.299484 0 4.71941 1 
0.460656 0 7.77865 1 
0.865127 1 6.54859 1 
0.898324 0 23.9852 1 
0.247106 0 0.56704 1 
0.821829 1 0.559944 1 
0.355127 1 7.3499 1 
0.65419 1 14.3395 1 
0.325577 1 14.8126 1 
0.177761 1 33.2309 1 
0.294617 0 0.783397 1 
0.654282 0 3.6429 1 
0.614801 1 3.04727 1 
0.244436 0 1.61365 1 
0.709379 1 0.279421 1 
-0.0991371 0 1.35302 1 
0.70767 0 3.68014 1 
0.234887 0 0.736489 1 
-0.139579 0 0.107794 1 
0.842945 0 7.51309 1 
0.363419 1 6.32149 1 
0.260913 0 2.51182 1 
0.145029 1 0.416569 1 
1.06322 1 1.0606 1 
1.22767 0 193.636 1 
0.166361 0 0.0725759 1 
0.777655 1 1.50168 1 
0.160367 0 2.34388 1 
0.553575 0 7.64571 1 
1.019 0 82.2551 1 
0.160132 1 11.3327 1 
0.115709 1 9.96964 1 
0.866101 1 1.63837 1 
0.353348 1 21.822 1 
0.506042 1 2.88933 1 
0.670004 1 0.553672 1 
0.767046 1 1.27362 1 
0.34473 1 13.2871 1 
0.30874 1 21.5084 1 
0.334333 0 0.868148 1 
0.658884 1 6.42912 1 
0.335478 1 0.378482 1 
0.427127 0 1.50929 1 
0.117843 0 3.78891 1 
0.888523 0 1.67831 1 
-0.0494451 1 24.8868 1 
0.649208 1 6.86711 1 
0.378815 0 1.05258 1 
1.14299 1 2.34514 1 
0.364406 1 36.1776 1 
0.660131 1 7.20885 1 
0.732015 0 14.2888 1 
0.404088 1 37.2344 1 
1.2276 0 203.463 1 
0.540851 1 3.2101 1 
0.679025 1 3.40293 1 
0.450106 0 1.76309 1 
0.602646 0 12.7785 1 
0.234159 0 0.355234 1 
0.43488 1 3.07136 1 
0.386828 0 4.60023 1 
0.683615 0 44.5189 1 
0.610012 1 8.48025 1 
0.170443 1 6.48221 1 
0.1971 1 3.36381 1 
0.233823 1 16.4661 1 
0.657185 0 3.8302 1 
0.354749 1 1.93635 1 
0.396254 1 2.70292 1 
0.305062 0 7.53964 1 
0.222381 1 4.31613 1 
0.655458 0 22.3122 1 
0.392692 1 5.5721 1 
0.639178 1 2.46139 1 
0.357018 1 20.7204 1 
0.538884 0 3.34058 1 
0.776098 1 0.173122 1 
0.491037 0 4.08327 1 
0.385377 1 21.3967 1 
0.0320635 0 2.88992 1 
-0.582289 1 202.365 1 
-0.0483314 0 0.394441 1 
0.771006 1 1.9276 1 
0.328004 1 1.67885 1 
0.819046 1 2.19431 1 
0.738129 0 27.8899 1 
0.450141 0 1.25157 1 
0.264586 0 3.67731 1 
0.0210362 0 1.86129 1 
0.259902 0 3.11516 1 
0.0929184 0 4.68988 1 
0.399965 0 0.777651 1 
0.221026 0 15.0359 1 
0.057539 1 21.0102 1 
0.825332 0 90.4838 1 
0.426142 0 0.0992007 1 
0.70622 0 37.4974 1 
0.602893 0 24.1656 1 
-0.145229 0 0.466359 1 
0.128712 1 52.3532 1 
0.932567 0 1.3486 1 
0.244975 0 0.774706 1 
0.296835 1 1.2298 1 
-0.141816 0 0.1918 1 
0.719173 0 11.327 1 
0.60402 0 0.0237893 1 
0.195463 0 2.18272 1 
0.991839 0 8.8614 1 
0.368512 0 1.23392 1 
0.492223 1 9.39295 1 
0.451296 1 2.75701 1 
0.156141 1 3.0427 1 
0.620759 0 3.84243 1 
0.246035 1 51.2807 1 
0.585029 1 11.2829 1 
0.516914 1 4.91748 1 
0.557288 1 23.2881 1 
0.17932 0 1.184 1 
0.240645 1 12.7199 1 
0.879045 0 20.1086 1 
1.07275 0 51.6213 1 
0.6194 0 7.10923 1 
0.670801 1 0.860106 1 
0.473448 1 12.7554 1 
0.277267 0 4.84881 1 
0.587363 1 10.0215 1 
0.48337 0 8.91733 1 
0.531345 1 4.64649 1 
0.173146 1 37.5927 1 
0.817459 1 0.829478 1 
0.126839 0 0.29157 1 
0.859132 0 18.2132 1 
0.195971 0 4.12707 1 
0.245426 0 9.49618 1 
0.51439 1 2.56061 1 
0.374581 0 0.0270018 1 
1.04542 0 57.5753 1 
-0.0449241 0 1.74466 1 
0.674478 0 86.4288 1 
0.580994 0 1.0278 1 
0.497251 1 3.60652 1 
0.328944 0 3.19244 1 
0.784948 0 48.9678 1 
0.612441 1 3.60373 1 
0.700756 1 5.31027 1 
0.523645 1 0.592449 1 
0.179209 0 0.218592 1 
0.939622 0 10.2762 1 
0.875171 0 3.69953 1 
0.326909 1 26.5604 1 
0.0312402 1 31.1143 1 
0.565477 0 38.381 1 
0.896009 1 0.474941 1 
0.49227 1 2.86148 1 
0.982996 1 1.67883 1 
0.863518 0 25.5547 1 
0.240063 0 3.74601 1 
0.169556 0 0.597086 1 
0.495833 1 1.07553 1 
-0.10033 1 4.6007 1 
0.133608 0 1.00291 1 
1.25637 1 0.0316606 1 
0.166278 1 1.87519 1 
0.522296 0 13.7488 1 
0.30259 1 16.4945 1 
0.586042 0 2.80002 1 
0.459114 0 10.2114 1 
0.275835 0 0.997284 1 
0.697686 1 5.11632 1 
0.5205 1 17.6095 1 
0.988762 0 89.4511 1 
1.04651 0 99.648 1 
0.357617 0 10.2943 1 
0.384379 1 1.91665 1 
0.687654 1 5.76671 1 
0.728008 1 12.0949 1 
0.814199 0 23.5052 1 
1.15282 1 0.0370411 1 
0.160376 1 22.2414 1 
0.47343 1 0.435463 1 
0.595453 1 3.24011 1 
0.899495 1 0.281273 1 
0.0391244 0 0.287564 1 
0.00636054 0 0.487046 1 
0.781303 1 1.94668 1 
0.619795 1 11.2303 1 
0.701766 0 31.8455 1 
0.258868 0 2.65167 1 
0.342557 0 0.830679 1 
0.0986245 0 0.86781 1 
0.701393 0 23.3879 1 
0.421444 1 21.8211 1 
0.526764 1 2.34314 1 
0.221722 1 65.5661 1 
1.18329 0 77.8147 1 
0.416227 0 4.72561 1 
0.515995 1 13.5435 1 
0.663824 1 7.20023 1 
0.50526 0 2.63331 1 
0.36041 0 5.39941 1 
0.208668 1 12.562 1 
0.58345 0 26.4899 1 
0.524541 0 10.4743 1 
0.723282 0 1.7262 1 
0.499404 0 8.82969 1 
0.624241 1 3.66953 1 
0.500481 1 0.359514 1 
0.617855 0 9.43545 1 
1.02998 1 1.99804 1 
0.685759 1 2.95862 1 
0.27148 0 6.00723 1 
0.623231 1 2.8832 1 
0.441668 1 17.8854 1 
0.987774 1 0.124975 1 
0.673401 0 21.3549 1 
-0.0907687 0 0.334902 1 
0.396155 1 3.56929 1 
0.487768 0 14.2503 1 
0.981158 1 2.33859 1 
0.599526 1 1.03878 1 
0.594841 0 1.0349 1 
0.458754 1 5.05557 1 
0.481152 1 1.00521 1 
0.532054 0 9.2471 1 
1.00514 1 0.0149933 1 
0.448574 0 0.340868 1 
0.103491 1 7.30702 1 
0.0595534 0 0.516602 1 
0.569682 1 2.96828 1 
0.621932 1 1.41813 1 
0.124992 1 62.057 1 
0.18576 1 14.3597 1 
0.209428 0 13.2412 1 
0.692845 1 5.03881 1 
0.691292 0 16.1904 1 
0.672011 1 2.6244 1 
0.693998 0 3.27217 1 
0.641377 0 1.53479 1 
0.646114 1 14.4563 1 
0.678388 0 5.21019 1 
0.000679908 0 0.142149 1 
0.436165 0 2.07204 1 
0.228218 0 0.571225 1 
0.249085 1 32.4076 1 
0.075665 0 0.154438 1 
0.134062 1 11.8737 1 
0.275808 1 15.5299 1 
0.756422 1 2.62322 1 
0.707654 0 32.5739 1 
0.563074 0 0.19562 1 
0.714488 0 29.466 1 
0.67429 0 17.9889 1 
0.142943 1 49.7414 1 
0.616566 1 1.61824 1 
0.505862 0 13.6928 1 
0.350806 1 8.61291 1 
-0.00129524 0 0.525858 1 
0.979719 1 2.12168 1 
-0.0515946 1 225.39 1 
0.324442 0 1.19124 1 
0.505618 1 10.6342 1 
0.70751 1 1.64573 1 
1.31467 0 225.89 1 
0.933083 1 0.141203 1 
0.31196 0 10.9149 1 
0.363021 0 0.417116 1 
0.722715 0 105.122 1 
0.370533 0 25.8891 1 
0.626424 0 21.361 1 
0.692395 1 1.86686 1 
0.419266 1 9.9988 1 
0.672683 1 1.96511 1 
0.689676 0 1.55102 1 
0.230657 0 2.21715 1 
0.297072 0 5.60605 1 
0.284046 1 1.08222 1 
0.936793 1 0.768508 1 
0.908599 1 0.054166 1 
0.743206 0 25.6982 1 
-0.308854 0 0.11308 1 
0.833579 0 7.03089 1 
0.260512 1 1.71662 1 
0.29983 0 9.35705 1 
0.377728 1 49.6531 1 
0.199697 0 1.30423 1 
0.0421722 0 0.622601 1 
0.345142 0 5.63154 1 
0.44401 1 7.69777 1 
1.00818 1 0.827498 1 
0.764651 1 0.778863 1 
0.67079 0 1.58948 1 
0.36436 0 14.3844 1 
0.0956183 0 0.631499 1 
0.565629 0 5.0282 1 
0.455927 1 19.8145 1 
0.878498 1 1.0175 1 
0.176327 0 3.96333 1 
0.428888 1 47.6681 1 
0.867144 0 68.7438 1 
0.680176 1 6.64744 1 
0.115569 0 3.4221 1 
0.635118 1 8.92562 1 
0.729621 0 16.2898 1 
0.0645636 0 1.92561 1 
0.182702 0 1.31209 1 
0.700623 1 1.5127 1 
0.705202 1 0.781757 1 
0.216863 1 51.232 1 
0.672292 0 5.18468 1 
0.343961 1 15.5063 1 
0.880994 1 5.81202 1 
1.00725 1 0.122933 1 
0.663502 1 0.0779816 1 
0.625158 0 16.8812 1 
0.731825 0 4.62592 1 
0.472626 0 15.3387 1 
0.505734 1 11.9478 1 
0.303697 0 2.63378 1 
0.310025 1 16.4524 1 
0.603797 1 6.77074 1 
0.803714 0 33.2732 1 
0.658445 1 7.2504 1 
0.991231 1 0.908478 1 
0.399651 1 2.37934 1 
0.0618641 1 31.7265 1 
0.866695 0 27.2152 1 
0.996633 0 48.4804 1 
0.368432 1 27.6186 1 
0.612928 0 16.6568 1 
0.816037 0 24.6734 1 
0.917708 0 9.57564 1 
0.287993 0 1.24747 1 
0.56874 1 7.2523 1 
0.666798 0 5.16674 1 
0.594061 0 11.1354 1 
0.546861 0 8.19331 1 
0.665704 1 10.9833 1 
0.55643 1 0.394438 1 
0.566954 0 10.1325 1 
0.33532 0 0.615496 1 
0.283551 0 3.27277 1 
0.694392 0 19.1943 1 
0.57412 1 2.90681 1 
0.143735 1 107.205 1 
0.609828 1 1.823 1 
0.745864 1 0.980345 1 
0.232878 0 0.673852 1 
0.335555 0 0.973938 1 
0.787772 0 25.9886 1 
0.316138 1 8.14709 1 
0.290829 1 47.3621 1 
0.461302 1 3.4679 1 
-0.0810964 1 52.2026 1 
0.40743 0 2.57304 1 
0.714539 0 29.5553 1 
0.645325 0 14.1913 1 
0.270551 0 0.799432 1 
0.672036 0 11.2991 1 
0.57032 0 20.2811 1 
0.252855 0 0.712279 1 
0.371787 0 6.85586 1 
0.0736763 1 4.51238 1 
0.276606 0 4.87634 1 
0.369163 0 4.30566 1 
0.3613 1 4.78926 1 
0.390657 1 22.9449 1 
0.24472 0 9.46624 1 
0.609102 1 9.73246 1 
0.437536 0 5.37086 1 
0.444324 0 1.56698 1 
0.917468 0 13.7921 1 
0.221795 0 0.0113422 1 
0.31292 0 2.00667 1 
0.466444 0 0.203833 1 
0.696183 0 1.93081 1 
0.662786 0 42.236 1 
0.352802 0 8.60281 1 
0.870216 1 5.26037 1 
0.560798 0 50.5662 1 
0.397033 0 10.5729 1 
0.245682 0 0.298327 1 
0.813368 0 14.7177 1 
0.57152 0 6.07942 1 
0.175409 0 5.29251 1 
0.677489 1 6.58615 1 
0.622193 0 0.779426 1 
0.661932 1 3.18416 1 
0.740651 1 0.398093 1 
0.352659 0 7.75509 1 
0.70542 0 7.65884 1 
0.603581 1 2.8776 1 
0.255188 0 1.83251 1 
0.924062 0 16.8439 1 
0.207466 1 43.4903 1 
0.79405 1 0.937649 1 
0.689728 0 5.34225 1 
0.614453 1 3.01391 1 
0.27 1 30.1384 1 
1.24924 0 203.817 1 
0.557305 1 0.10447 1 
0.349544 0 1.16176 1 
