0.246422
0.21
0.245799
0.241909
0.231252
0.19545
0.231028
0.271577
0.256194
0.243816
0.2585
0.259447
0.217776
0.235083
0.194333
0.21875
0.165539
0.251884
0.29912
0.253021
0.289222
0.208466
0.227893
0.196707
0.223083
0.210531
0.218801
0.194529
0.19
0.274482
0.204908
0.260722
0.226796
0.189116
0.212875
0.27998
0.242824
0.136575
0.210617
0.153854
0.244125
0.237764
0.237764
0.254765
0.22
0.188103
0.20566
0.214312
0.211023
0.176042
0.209393
0.200543
0.271169
0.214762
0.212465
0.227464
0.269908
0.220059
0.161782
0.19743
0.207106
0.214917
0.245759
0.184757
0.244622
0.26639
0.185427
0.20373
0.216327
0.252386
0.192364
0.217054
0.237361
0.200592
0.218933
0.251662
0.199682
0.193118
0.217465
0.237224
0.217273
0.240938
0.227005
0.244824
0.210747
0.265
0.236393
0.197299
0.254516
0.223664
0.216
0.210969
0.187319
0.225238
0.218273
0.209178
0.185435
0.25
0.17372
0.204545
0.249071
0.245077
0.27
0.206773
0.257662
0.202207
0.239768
0.247921
0.241358
0.223237
0.223604
0.236098
0.25346
0.268407
0.246764
0.231122
0.216178
0.248376
0.221257
0.26503
0.249165
0.293101
0.25853
0.223291
0.220531
0.244595
0.250046
0.261345
0.255036
0.214459
0.29597
0.231336
0.282014
0.222739
0.270771
0.212122
0.233367
0.202995
0.217541
0.246523
0.314825
0.234598
0.2213
0.221954
0.22976
0.246764
0.250801
0.245091
0.249572
0.23963
0.247577
0.21623
0.279369
0.229764
0.25896
0.257494
0.239319
0.239896
0.255078
0.218726
0.214127
0.226445
0.22015
0.229377
0.216441
0.233469
0.25
0.249457
0.237559
0.229273
0.226252
0.247404
0.212479
0.245433
0.228261
0.235037
0.219032
0.205131
0.214862
0.263384
0.228167
0.222705
0.268561
0.21667
0.221284
0.253772
0.232546
0.231113
0.234761
0.195277
0.277458
0.245288
0.232141
0.240018
0.209816
0.251192
0.230402
0.23858
0.221145
0.222556
0.230049
0.221818
0.252362
0.24496
0.256162
0.215827
0.218
0.200853
0.223132
0.217987
0.232
0.256895
0.245564
0.251624
0.206021
0.212365
0.23099
0.212805
0.245861
0.253922
0.255905
0.245938
0.246036
0.226936
0.262176
0.240767
0.233799
0.237481
0.238219
0.214183
0.219923
0.239901
0.215869
0.236904
0.252529
0.246624
0.222263
0.234891
0.221353
0.241913
0.236275
0.186986
0.234158
0.25564
0.204989
0.26099
0.237233
0.242093
0.262394
0.234461
