0.293447
0.289194
0.283701
0.363611
0.365611
0.309355
0.303311
0.309736
0.303752
0.264216
0.340287
0.209654
0.273882
0.286403
0.316309
0.263078
0.258898
0.341149
0.269324
0.356326
0.30044
0.32231
0.386746
0.225308
0.309384
0.250714
0.257114
0.240671
0.252009
0.259722
0.244791
0.274692
0.286708
0.293706
0.255067
0.298661
0.239585
0.270481
0.224973
0.298375
0.264877
0.310348
0.309436
0.261545
0.245693
0.214972
0.285016
0.252528
0.288686
0.434437
0.315853
0.259583
0.259211
0.289759
0.27388
0.301523
0.265396
0.240263
0.305548
0.247941
0.277579
0.254254
0.309889
0.27
0.234478
0.235527
0.260374
0.267653
0.299007
0.285085
0.336969
0.241199
0.260082
0.256989
0.277638
0.271153
0.279645
0.221532
0.30138
0.310373
0.292984
0.260368
0.315501
0.324392
0.275479
0.269646
0.270463
0.27963
0.25
0.26775
0.270068
0.240176
0.279259
0.304535
0.286751
0.268031
0.29602
0.291549
0.268912
0.264646
0.242187
0.259415
0.248254
0.267172
0.241447
0.283252
0.267355
0.236818
0.289718
0.263428
0.293859
0.209523
0.268054
0.241493
0.243768
0.248079
0.272688
0.252037
0.220758
0.248565
0.286628
0.263437
0.269365
0.245753
0.242906
0.245119
0.263117
0.244226
0.228217
0.264725
0.26831
0.259628
0.237544
0.248341
0.254687
0.235031
0.271288
0.266143
0.25624
0.275153
0.270094
0.223079
0.270372
0.271644
0.226811
0.240047
0.270205
0.227263
0.258452
0.28018
0.269837
0.250896
0.27488
0.282444
0.249529
0.251707
0.236051
0.24855
0.279583
0.274217
0.253778
0.299795
0.240163
0.266399
0.271685
0.240908
0.257346
0.290255
0.282311
0.266302
0.262708
0.247024
0.280867
0.269042
0.237449
0.301109
0.255332
0.280367
0.283764
0.260103
0.263116
0.253524
0.256041
0.261042
0.259844
0.233755
0.282661
0.274103
0.27
0.242696
0.242396
0.240498
0.264545
0.267403
0.2625
0.26015
0.26255
0.273682
0.273424
0.235877
0.267327
0.244
0.290317
0.250991
0.281682
0.237983
0.260171
0.301027
0.258839
0.263269
0.249908
0.288896
0.271447
0.241422
0.260498
0.269913
0.231121
0.273825
0.270218
0.262501
0.241912
0.290539
0.266
0.220802
0.260463
0.250385
0.262
0.228606
0.251497
0.275527
0.257872
0.262339
0.239294
0.235464
0.236783
0.251072
0.272475
0.228711
0.253688
0.279253
0.246631
0.249548
0.24727
0.27972
0.248914
0.219224
0.254428
0.255932
0.254488
0.273269
